"Y"	"X1"	"X2"	"X3"	"X4"	"X5"	"X6"	"X7"	"X8"	"X9"	"X10"	"X11"	"X12"	"X13"	"X14"	"X15"	"X16"	"X17"	"X18"	"X19"	"X20"	"X21"	"X22"	"X23"	"X24"	"X25"	"X26"	"X27"	"X28"	"X29"	"X30"	"X31"	"X32"	"X33"	"X34"	"X35"	"X36"	"X37"	"X38"	"X39"	"X40"	"X41"	"X42"	"X43"	"X44"	"X45"	"X46"	"X47"	"X48"	"X49"	"X50"
1	11.47	20.21	4.02	1.4	54.54	43.32	68.93	9.3	1017.51	0	2.63	2.52	14.7	25.78	31.12	20.34	19.94	76.56	62.39	89.6	10.48	1006.22	50.35	4.49	4.04	11.12	19.8666666666667	10.8166666666667	69.97	53.8733333333333	8.75	1018.28333333333	25.3366666666667	16.2266666666667	55.3933333333333	44.2233333333333	0	1013.73666666667	23.785	16	64.275	50.805	1.04	1015.64	30.31	24.536	84.486	74.626	168.55	1008.284
1	13.86	19.13	7.09	7.6	74.1	56.16	92.87	6.95	1018.09	17.73	5.3	4.37	9.21	24.04	29.81	17.62	17.42	71.39	57.99	87.76	9.6	1010.35	42.46	4.55	3.79	11.38	20.46	11.71	80.5666666666667	65.7366666666667	11.15	1015.26666666667	23.0866666666667	15.78	82.01	65.68	24.09	1011.97333333333	26.79	18.88	60.63	54.42	1.37	1012.66	31.182	24.81	84.408	74.628	206.19	1009.09
0	14.8	22.05	7.98	9.08	74.69	62.58	86.08	8.29	1014.66	4.64	3.82	3.36	9.99	25.24	31.85	19.99	18.79	68.78	53.58	86.99	8.87	1007.52	55.13	4.37	3.57	11	20.3233333333333	13.1833333333333	84.8066666666667	65.95	5.44	1017.43333333333	23.69	15.3233333333333	77.17	57.2	5.01	1012.92333333333	26.81	18.625	68.025	53.275	1.02	1010.745	30.85	23.924	78.098	66.016	144.69	1009.026
0	15.85	21.53	11.36	12.52	82.68	74.06	90.73	6.53	1013.84	9.65	5.18	5.75	6.83	26.53	31.21	20.09	17.88	68.17	46.22	90.76	10.63	1007.95	39.62	4.61	3.81	9.5	19.6033333333333	10.2066666666667	76.4333333333333	60.8366666666667	8.17	1019.07666666667	21.23	12.1333333333333	75.7233333333333	56.0533333333333	3.2	1019.86666666667	27.92	18.28	49.745	44	0.66	1012.655	30.99	25.024	80.912	67.352	107.11	1010.196
0	9.34	19.71	0.56	1.32	58.37	46.11	74.59	6.09	1017.35	0.05	1.71	1.85	11.64	22.57	28.75	18.42	18.63	80.16	71.61	88.74	7.53	1007.05	97.19	6.45	4.7	13.03	21.2566666666667	11.93	76.81	64.12	0.83	1013.71333333333	24.5566666666667	15.44	71.6566666666667	58.8966666666667	-4.08	1013.99333333333	23.82	16.465	61.655	57.875	1.81	1014.5	28.254	22.278	87.216	79.042	207.97	1006.816
0	16.76	25.09	9.49	11.29	72.77	63.54	84.89	7.16	1012.53	2.81	3.1	3.41	13.62	24.92	30.04	19.47	18.16	68.31	55.2	85.91	6.94	1006.69	48.79	5.73	4.01	10.18	20.2866666666667	10.5833333333333	70.8633333333333	58.3266666666667	0.91	1017.07	21.57	12.1266666666667	76.0366666666667	55.81	-0.13	1018.11666666667	31.07	19.32	45.62	39.77	0.47	1010.135	27.926	22.13	85.06	75.624	150.09	1009.668
0	16.41	20.97	12.57	14.21	84.49	74.19	91.92	7.42	1013.06	3.37	6.18	6.77	7.99	26.95	32.81	20.58	19.02	60.02	54.17	77.79	11.1	1007.12	41.81	3.92	3.17	14.25	19.11	11.5866666666667	75.2966666666667	60.5066666666667	3.33	1018.63	21.4833333333333	13.0666666666667	76.1733333333333	55.7766666666667	-0.05	1019.26	30.41	19.645	48.895	42.17	0.23	1011.245	28.562	23.274	83.256	73.648	127.07	1009.968
1	13.8	19.25	7.79	9.26	76.15	67.5	81.24	8.29	1017.59	-4.07	5.52	4.25	3.75	23.65	28.59	19.51	18.89	77.61	60.27	94.71	10.68	1009.76	55.16	6.54	3.96	9.23	20.6233333333333	13.01	81.04	71.1366666666667	11.95	1014.89666666667	23.0133333333333	16.2433333333333	81.6733333333333	67.0566666666667	29.28	1011.53333333333	26.47	19.355	60.69	54.5	0.3	1011.6	29.918	24.316	87.842	79.556	234.95	1008.692
0	11.82	21.01	4.73	5.73	65.55	56.27	76.47	10.32	1015.21	0	2.03	2.1	11.28	25.34	31.68	19.08	19.02	71.32	59.26	86.14	10.75	1002.74	59.73	3.8	3.31	10.5	20.6633333333333	12.1733333333333	74.9533333333333	64.46	1.57	1016.39333333333	22.3933333333333	12.9166666666667	59.37	44.02	0.81	1016.98333333333	27.245	18.2	62.755	53.535	10.6	1011.33	27.032	21.18	88.526	76.752	252.58	1009.202
0	11.48	18.18	6.02	8.26	78.93	60.99	90.1	8.35	1017.44	21.61	3.92	4.07	6.26	25.55	32.06	20.67	18.73	70.91	61.4	79.42	10.79	1005.31	48.6	5.03	3.36	12.08	20.2266666666667	11.9866666666667	79.4166666666667	70.4933333333333	1.89	1016.68333333333	25.81	15.9633333333333	71.58	56.5266666666667	1.05	1014.17	27.505	19.455	73.125	64.595	7.59	1009.58	28.068	22.272	85.408	78.91	232.39	1010.224
1	13.33	19.19	6.81	9.12	77.61	71.84	81.1	7.8	1017.56	-1.68	5.41	4.02	4.05	25.54	32.12	20.59	20.96	76.39	67.67	85.16	8.58	1004.5	86.49	4.82	3.43	12.26	20.3766666666667	12.38	79.5733333333333	71.7733333333333	11.05	1014.92333333333	22.9266666666667	15.7733333333333	78.9233333333333	65.4533333333333	25.14	1011.58333333333	26.17	18.89	60.675	53.975	0.64	1011.52	28.24	22.6	88.062	80.888	184.31	1010.5
0	13.8	19.25	7.79	9.26	76.15	67.5	81.24	8.29	1017.59	-4.07	5.52	4.25	3.75	24.71	29.61	20.7	19.81	79.42	69.38	85.1	9.6	1009.34	58.93	5.4	4	11.27	20.6233333333333	13.01	81.04	71.1366666666667	11.95	1014.89666666667	23.0133333333333	16.2433333333333	81.6733333333333	67.0566666666667	29.28	1011.53333333333	26.47	19.355	60.69	54.5	0.3	1011.6	28.512	23.142	86.696	80.092	207.15	1010.078
0	14	21.66	7.02	9.59	74.71	61.11	86.32	7.4	1014.38	-0.36	3.76	3.76	10.48	23.1	29.64	18.02	17.56	74.16	59.9	86.52	8.78	1008.15	263.02	5.53	3.84	10.94	20.7533333333333	13.3566666666667	81.53	68.52	-2.14	1017.14	23.7766666666667	14.73	78.2433333333333	57.7833333333333	2.65	1012.58333333333	25.325	16.87	71.545	52.925	5.18	1013.705	28.99	22.94	83.936	73.666	438.83	1009.634
1	13.8	19.25	7.79	9.26	76.15	67.5	81.24	8.29	1017.59	-4.07	5.52	4.25	3.75	23.65	28.59	19.51	18.89	77.61	60.27	94.71	10.68	1009.76	55.16	6.54	3.96	9.23	20.6233333333333	13.01	81.04	71.1366666666667	11.95	1014.89666666667	23.0133333333333	16.2433333333333	81.6733333333333	67.0566666666667	29.28	1011.53333333333	26.47	19.355	60.69	54.5	0.3	1011.6	29.918	24.316	87.842	79.556	234.95	1008.692
1	12.93	20	5.18	10.23	68.57	59.84	80.57	7.98	1016.23	1.06	3.94	3.52	11.6	24.97	31.31	20.2	20.85	77.05	64.31	87.95	8.91	1006.64	188.88	6.09	4.21	12.03	24.6566666666667	14.1966666666667	72.3766666666667	60.5166666666667	1.06	1013.07	23.4266666666667	13.6066666666667	67.04	52.93	1.01	1013.55333333333	25.515	17.735	41.95	37.37	-0.43	1010.47	30.158	24.564	86.272	76.174	547.65	1008.082
0	9.95	20.18	2.4	1.99	59.77	46.73	73.5	9.23	1017.34	0.06	1.57	1.84	12.78	21.87	27.74	17.05	17.1	77.03	61.31	89.76	8.69	1010.2	70.21	5.76	4.62	10.07	21.3166666666667	12.7866666666667	75.6366666666667	63.3233333333333	0.78	1013.41	24.9333333333333	16.35	71.7366666666667	59.28	-0.53	1013.64	23.985	16.92	64.965	56.86	1.03	1014.48	27.644	21.892	87.092	77.914	197.58	1009.692
0	14	21.66	7.02	9.59	74.71	61.11	86.32	7.4	1014.38	-0.36	3.76	3.76	10.48	25.43	32.13	19.2	16.55	67.73	55.41	81.32	9.26	1007.62	34.51	4.35	2.98	10.43	20.7533333333333	13.3566666666667	81.53	68.52	-2.14	1017.14	23.7766666666667	14.73	78.2433333333333	57.7833333333333	2.65	1012.58333333333	25.325	16.87	71.545	52.925	5.18	1013.705	29.326	22.968	80.434	76.32	152.55	1008.446
0	11.82	21.01	4.73	5.73	65.55	56.27	76.47	10.32	1015.21	0	2.03	2.1	11.28	24.24	30.57	19.79	18.85	73.85	62.39	84.56	11.68	1006.37	65.12	4.93	3.72	11.09	20.6633333333333	12.1733333333333	74.9533333333333	64.46	1.57	1016.39333333333	22.3933333333333	12.9166666666667	59.37	44.02	0.81	1016.98333333333	27.245	18.2	62.755	53.535	10.6	1011.33	26.354	20.87	87.368	77.388	168.1	1010.354
0	11.48	18.18	6.02	8.26	78.93	60.99	90.1	8.35	1017.44	21.61	3.92	4.07	6.26	25.06	31.4	20.12	18.94	71.69	62.4	83.7	10.23	1007.18	40.56	5.4	3.54	12	20.2266666666667	11.9866666666667	79.4166666666667	70.4933333333333	1.89	1016.68333333333	25.81	15.9633333333333	71.58	56.5266666666667	1.05	1014.17	27.505	19.455	73.125	64.595	7.59	1009.58	29.19	23.364	87.86	77.752	246.17	1009.004
0	10.72	19.69	3.82	4.19	62.06	49.37	74.65	11.62	1017.43	0.11	2.49	1.92	6.99	24.48	30.46	19.92	20.19	80.09	71.02	90.37	11.03	1006.98	71.43	5.69	4.35	12.65	18.6666666666667	11.94	84.0966666666667	71.6766666666667	1.48	1014.67666666667	24.4	16.3666666666667	71.8833333333333	60.3866666666667	7.76	1014.24333333333	22.81	16.335	68.08	63.73	11.89	1014.25	29.868	24.016	87.738	78.422	337.4	1007.14
1	14.15	20.23	8.02	6.83	64.88	44.56	82.56	9.09	1017.86	57.8	5.39	4.59	10.02	26.64	32.84	22.48	20.46	69.95	61.82	83.56	13.82	1009.21	54.2	4.86	3.87	10.92	21.87	13.65	80.0033333333333	62.7033333333333	5.53	1014.99	24.7766666666667	17.4933333333333	84.1033333333333	64.8533333333333	35.39	1011.26	27.925	20.125	58.695	53.71	0.45	1012.325	29.484	24.086	84.838	73.974	191.69	1010.046
0	13.67	19.11	9.17	9.14	77.3	65.6	94.42	9.34	1017.72	28.42	3.9	4.56	5.57	26.93	33.35	21.62	19.93	69.7	59.36	80.22	13.77	1007.96	42.13	4.07	3.08	12.93	20.6633333333333	13.7133333333333	86.02	66.9866666666667	2.85	1016.75	27.03	17.9533333333333	70.6666666666667	52.6533333333333	0.62	1014.15333333333	28.81	21.14	75.815	63.06	12.1	1009.94	31.508	25.522	86.456	74.836	233.95	1008.178
1	14.32	19.97	8.46	7.56	67.13	48.99	81.98	8.41	1017.79	53.14	5.52	4.61	7.76	26.55	32.32	22.61	20.69	72.92	64.65	83.82	11.31	1009.22	54.64	4.97	3.9	10.81	21.6166666666667	13.76	81.0733333333333	65.0033333333333	6.76	1014.96	24.3233333333333	17.3466666666667	84.7866666666667	66.29	36.57	1011.32	27.66	20.15	59.395	54.295	0.49	1012.165	29.4	24.106	85.634	75.946	196.73	1010.062
0	11.48	18.18	6.02	8.26	78.93	60.99	90.1	8.35	1017.44	21.61	3.92	4.07	6.26	21.81	27.03	17.53	18.18	79.24	68.26	85.56	8.65	1010.36	66.69	6.18	4.21	11.2	20.2266666666667	11.9866666666667	79.4166666666667	70.4933333333333	1.89	1016.68333333333	25.81	15.9633333333333	71.58	56.5266666666667	1.05	1014.17	27.505	19.455	73.125	64.595	7.59	1009.58	26.782	22.042	87.884	81.478	249.2	1011.28
0	14	21.66	7.02	9.59	74.71	61.11	86.32	7.4	1014.38	-0.36	3.76	3.76	10.48	23.86	30.43	18.11	18.3	70.36	59.96	92.97	8.68	1008.97	53.91	5.65	3.42	11.6	20.7533333333333	13.3566666666667	81.53	68.52	-2.14	1017.14	23.7766666666667	14.73	78.2433333333333	57.7833333333333	2.65	1012.58333333333	25.325	16.87	71.545	52.925	5.18	1013.705	28.77	22.91	86.764	74.152	271.88	1009.182
0	16.04	21.62	11.1	13.34	80.83	70.5	91.19	6.68	1012.95	3.52	5.6	6.14	10.07	22.9	28.53	18.1	17.58	76.43	61.43	87.5	9.14	1009.51	37.32	5.11	3.92	8.52	19.01	10.92	74.9266666666667	59.4233333333333	3.59	1018.63	21.3366666666667	12.4266666666667	75.9166666666667	54.8166666666667	-0.04	1019.25666666667	30.315	19.125	47.74	41.135	0.27	1011.055	28.478	22.542	84.778	74.128	164.73	1010.298
0	9.77	16.25	4.52	6.84	76.7	65.57	87.51	7.58	1020.37	22.77	4.76	3.17	6.77	20.21	26.05	15.62	15.04	77.76	65.74	89.97	7.64	1014.4	31.01	5.78	3.97	12.27	18.0066666666667	11.34	81.65	68.91	4.19	1017.03666666667	24.0833333333333	15.3033333333333	72.5966666666667	55.08	8.4	1015.05666666667	20.785	13.625	66.575	54.56	0.72	1021.6	24.544	19.064	85.962	78.704	158.16	1013.578
1	11.97	21.46	4.47	6.9	68.28	57.96	75.52	6.66	1012.9	-0.07	3.97	2.69	10.26	22.46	29.28	15.71	16.19	67.98	60.49	78.71	7.72	1006.08	9.48	3.24	2.78	12.76	20.4233333333333	11.3366666666667	73.5666666666667	60.4033333333333	3.57	1017	24.9433333333333	15.3566666666667	66.9933333333333	50.1066666666667	2.18	1012.96666666667	23.815	13.83	60.21	43.41	2.35	1015.8	27.344	21.152	84.51	74.76	96.5	1008.262
1	9.46	17.53	3.01	2.76	66.01	56.37	83.62	5.91	1021.33	0	3.77	4.86	13.43	23.46	27.38	19.34	17.89	83.72	72.57	86.78	7.34	1010.34	39.27	6.12	4.74	11.48	22.76	14.2366666666667	75.91	68.3833333333333	0.17	1016.00333333333	23.34	13.7366666666667	72.5066666666667	58.1733333333333	0.95	1014.48333333333	23.47	14.06	49.96	42.96	2.02	1019.88	27.16	21.548	89.518	82.538	148.58	1009.852
0	16.76	25.09	9.49	11.29	72.77	63.54	84.89	7.16	1012.53	2.81	3.1	3.41	13.62	21.8	26.64	17.5	17.39	79.07	66.3	88.5	7.52	1011.65	36.5	6.97	4.48	10.61	20.2866666666667	10.5833333333333	70.8633333333333	58.3266666666667	0.91	1017.07	21.57	12.1266666666667	76.0366666666667	55.81	-0.13	1018.11666666667	31.07	19.32	45.62	39.77	0.47	1010.135	27.222	21.374	84.616	75.45	139.98	1011.096
0	17.59	25.67	10.74	12.07	72.59	65.37	84.05	8.17	1012.44	2.14	3.03	3.41	12.15	22.37	27.42	17.84	17.78	78.07	66.1	86.43	8.02	1011.68	31.52	6.72	4.23	10.73	20.7066666666667	11.49	70.64	57.7733333333333	0.91	1016.61333333333	21.82	12.9833333333333	75.6333333333333	54.7633333333333	0.19	1017.75	31.73	20.1	47.15	41.4	0.37	1009.9	27.976	21.854	83.176	74.684	143.51	1011.136
0	9.6	16.78	4.12	5.39	79.26	68.38	86.02	6.93	1020.06	16.49	4.61	3.28	7.11	19.72	25.99	15.14	15.45	79.61	68.8	90.97	7.44	1013.81	37.88	5.44	3.7	11.97	18.8333333333333	11.7233333333333	81.2566666666667	68.5933333333333	1.35	1016.49666666667	24.32	15.47	75.3566666666667	55.63	6.92	1014.63	20.81	13.75	67.365	55.185	1.42	1021.255	24.226	18.68	88.424	79.258	175.5	1013.4
0	9.92	19.4	1.36	2.47	59.84	48.07	74.52	8.69	1017.52	0.2	2.29	1.88	8.92	23.14	29.55	18.72	19.18	78.51	69.36	87.3	10.46	1007.62	83.15	5.88	4.54	13.44	19.4866666666667	11.39	80.7833333333333	68.4966666666667	1.92	1014.81666666667	24.2833333333333	15.6133333333333	71.2666666666667	59.0966666666667	0.3	1014.59333333333	23.235	16.215	63.72	61.455	10.42	1014.565	29.016	22.932	86.56	79.092	288.55	1007.29
0	11.23	19.82	6.54	5.04	64.21	53.27	74.6	8.35	1017.49	0	3.51	2.57	12.85	24.52	30.21	19.49	20.42	78.05	63.96	88.89	9.05	1005.26	137.74	5.62	4.15	9.81	19.7066666666667	11.17	74.44	60.3933333333333	8.68	1018.27333333333	25.1966666666667	15.9333333333333	53.0966666666667	44.0566666666667	0	1013.59333333333	22.455	15.05	59.77	49.35	-0.15	1014.055	28.948	23.346	86.574	79.656	266.55	1007.822
0	14.94	22.96	8.42	7.91	66.15	57.66	80.71	9.31	1014.23	-1.53	3.62	2.95	9.43	26.26	33.7	19.77	16.73	57.84	43.46	79.1	16.88	1009.62	38.29	4.2	2.93	10.39	21.12	13.6166666666667	85.4566666666667	61.0233333333333	2.41	1017.01	25.45	17.4066666666667	76.11	53.5633333333333	4.05	1012.61666666667	28.51	19.81	67.555	50.62	2.8	1009.66	32.452	25.342	79.328	59.892	118.81	1008.744
0	9.09	16.27	2.82	4.95	77.13	65.08	93.79	7.51	1020.54	27.67	5.31	4.53	5.58	21.35	27.02	16.58	14.06	62.66	54.13	79.69	17.15	1013.6	20.18	2.42	3.08	12.36	19.81	11.6566666666667	84.7033333333333	71.69	4.79	1017.01	26.1766666666667	16.64	67.12	53.13	13.12	1014.92	23.675	16.185	56.47	48.67	0.56	1021.49	26.762	20.456	81.276	67.998	79.38	1013.716
1	12.95	21.48	5.9	8.16	71.05	61.91	78.89	7.09	1012.89	0	4.23	3	10.17	23.44	30.3	16.68	16.87	67.74	60.39	78.38	8.5	1006.15	9.04	3.13	2.71	12.52	20.58	12.4833333333333	73.28	61.61	4.9	1016.91	24.8833333333333	16.3533333333333	67.92	51.9566666666667	4.5	1012.79	24.515	14.76	58.03	44.16	1.13	1015.58	28.204	21.944	84.956	75.722	103.94	1008.272
1	13.18	19.35	7.65	8.61	66.49	70.86	79.59	6.27	1016.28	0.33	4.67	3.88	11.36	21.35	27.41	17.68	18.45	83.79	73.77	88.05	7.8	1008.22	114.19	6.13	4.25	9.28	22.9733333333333	14.3433333333333	75.7766666666667	64.0666666666667	0.52	1013.09333333333	23.4533333333333	14.4333333333333	68.69	55.3	0.17	1013.78666666667	28.86	17.9	41.555	36.715	-0.05	1010.385	26.284	21.098	85.45	78.126	255.85	1010.298
1	14.38	20.04	9.53	9.92	69.47	71.85	81.89	5.56	1015.95	0.37	4.88	4.19	11.55	21.95	27.95	18.36	19.21	83.99	76.46	89.27	7.87	1007.73	137.54	6.08	4.3	8.88	23.23	15.2966666666667	77.8333333333333	66.2733333333333	0.41	1012.67333333333	24.05	15.53	69.2566666666667	57.32	0.58	1013.08333333333	29.91	18.57	41.645	38.06	-0.12	1009.97	26.964	21.906	86.112	79.628	285.65	1009.988
0	13.76	21.71	6.58	8.85	74.51	60.3	85.83	7.28	1014.44	0.65	3.75	3.44	11.07	25.27	32.68	18.59	17.26	68.35	48.87	86.51	8.65	1007.34	22.53	4.43	3.74	12.51	20.7366666666667	13.36	80.1966666666667	68.22	-1.43	1017.17	23.52	14.81	76.8666666666667	57.2633333333333	2.66	1012.57333333333	25.795	16.81	69.33	52.86	3.41	1012.8	31.064	24.048	86.916	71.568	201.12	1006.978
0	11.92	18.24	6.62	8.29	78.78	61.97	90.61	8.68	1017.47	16.67	3.91	4.15	6.26	22.09	27.4	16.92	18.34	79.57	68.38	85.88	8.72	1010.33	67.99	6.19	4.25	11.11	20.06	12.2466666666667	80.4066666666667	69.9266666666667	1.98	1016.52333333333	25.42	16.4133333333333	68.2033333333333	55.7466666666667	0.94	1014.33333333333	27.765	20.005	71.845	64.56	8.33	1009.61	27.082	22.234	88.56	81.21	257.18	1011.312
1	9.73	17.88	3.09	3.56	68.06	55.53	84.16	6.19	1021.19	0	3.67	4.62	13.54	23.98	28.03	19.78	18.52	83.23	70.7	86.2	7.68	1010.35	39.28	5.73	4.51	11.7	23.1233333333333	15.1833333333333	76.0733333333333	67.76	1.57	1015.43	23.76	14.78	70.76	57.49	0.94	1014.45333333333	23.79	14.73	49.75	44.48	2.81	1019.56	27.936	21.942	88.6	81.088	149.76	1009.968
0	13.84	21.03	8.45	10.5	80.87	73.27	91.91	7.28	1012.39	2.11	4.3	4.51	10.64	23.53	30.37	17.71	14.87	66.24	56.1	79.67	12.77	1008.1	23.78	4.92	3.92	12.61	21.0466666666667	13.0133333333333	75.16	61.4033333333333	8.16	1015.48333333333	22.0433333333333	14.5533333333333	72.85	60.4766666666667	0.99	1015.65	29.725	22.405	59.33	48.895	0.09	1008.515	29.612	23.578	82.37	72.068	191.6	1008.562
0	13.76	21.71	6.58	8.85	74.51	60.3	85.83	7.28	1014.44	0.65	3.75	3.44	11.07	22.94	29.19	17.33	15.4	72.02	58.13	85.31	8.81	1010.2	40.89	5.36	3.56	10.4	20.7366666666667	13.36	80.1966666666667	68.22	-1.43	1017.17	23.52	14.81	76.8666666666667	57.2633333333333	2.66	1012.57333333333	25.795	16.81	69.33	52.86	3.41	1012.8	27.402	20.7	82.982	78.372	145.68	1010.934
0	9.53	16.44	2.94	5.48	77.56	66.1	94.91	7.82	1020.43	25.95	5.4	4.45	5.49	21.67	27.22	17.21	14.81	64.72	56.21	82.05	16.65	1013.56	22.01	2.79	3.31	11.95	19.8333333333333	12.09	85.9	73.2066666666667	5.78	1016.88666666667	26.3533333333333	17.0233333333333	69.2733333333333	54.16	16.27	1014.77333333333	23.76	16.865	56.435	48.745	0.58	1021.64	26.922	20.79	82.662	69.48	74.8	1013.686
1	13.62	23.18	5.8	7.27	69.02	56.21	80.23	8.49	1006.49	-0.24	2.29	1.72	11.29	25.14	30.98	19.79	20.85	80.72	71.25	89.63	6.55	1006.81	34.01	4.98	3.05	12.59	18.2433333333333	10.11	77.16	62.7733333333333	6.89	1018.13	23.36	16.0133333333333	72.3533333333333	58.92	-0.42	1013.92333333333	25.81	17.66	60.14	50.5	0.76	1011.3	26.294	20.818	87.63	80.732	134.98	1007.76
0	9.92	19.4	1.36	2.47	59.84	48.07	74.52	8.69	1017.52	0.2	2.29	1.88	8.92	20.97	26.39	16.53	16.89	82.59	70	92.4	9.29	1012.38	50.87	6.13	4.52	7.75	19.4866666666667	11.39	80.7833333333333	68.4966666666667	1.92	1014.81666666667	24.2833333333333	15.6133333333333	71.2666666666667	59.0966666666667	0.3	1014.59333333333	23.235	16.215	63.72	61.455	10.42	1014.565	28.298	22.294	87.762	79.832	167.39	1007.396
0	13.46	20.8	7.17	10.05	78.25	73.47	89.92	8.01	1013.02	1.85	4.11	4.32	11	22.36	28.5	16.4	14.76	64.5	61.95	78.14	9.35	1012.01	25.12	6.15	4.19	11.46	20.3733333333333	12.5066666666667	76.1633333333333	65.2933333333333	5.7	1015.58	21.3066666666667	13.7366666666667	77.8666666666667	58.2866666666667	0.52	1016.03333333333	27.265	20.33	59.035	50.23	0.28	1010.15	29.546	22.726	83.59	73.17	180.64	1010.53
0	22.39	27.62	17.32	19.78	84.64	79.09	89.81	5.22	1012.29	4.12	3.9	3.91	2.78	23.65	28.36	19.09	18.29	74.4	65.32	88.59	7.32	1013.6	37.12	4.72	3.6	12.74	22.43	16.08	77.9266666666667	67.9566666666667	0.39	1016.92666666667	23.9	17.2566666666667	74.6566666666667	61.0233333333333	-0.46	1017.94333333333	34.35	24.425	50.995	46.78	0.53	1008.955	29.97	24.966	86.982	77.502	147.33	1009.716
0	15.41	23.32	8.93	8.61	67.26	59.54	79.49	9.83	1014.07	-1.85	3.67	2.8	9.11	24.56	32.93	19.43	17.26	61.36	50.84	85.6	12.78	1007.84	9.7	3.45	3.53	10.36	21.33	14.11	86.13	62.53	2.56	1016.9	25.5633333333333	17.9566666666667	75.8766666666667	54.3933333333333	4.06	1012.51333333333	28.085	19.88	67.955	51.045	2.71	1011.01	32.026	24.844	81.88	65.158	132.15	1009.236
0	13.46	20.8	7.17	10.05	78.25	73.47	89.92	8.01	1013.02	1.85	4.11	4.32	11	22.36	28.5	16.4	14.76	64.5	61.95	78.14	9.35	1012.01	25.12	6.15	4.19	11.46	20.3733333333333	12.5066666666667	76.1633333333333	65.2933333333333	5.7	1015.58	21.3066666666667	13.7366666666667	77.8666666666667	58.2866666666667	0.52	1016.03333333333	27.265	20.33	59.035	50.23	0.28	1010.15	29.546	22.726	83.59	73.17	180.64	1010.53
1	12.39	19	5.63	7.95	64.75	67.9	77.82	7.67	1016.97	0.29	4.26	3.64	11.37	21.19	27.08	17.29	17.76	82.79	67.21	87.39	9.32	1009.13	71.6	6.32	4.17	9.79	22.25	13.52	74.5	62.3333333333333	0.86	1013.92666666667	22.7066666666667	13.19	67.8133333333333	53.2366666666667	-0.21	1015.09333333333	27.36	17.75	41.555	35.335	0.09	1011.31	25.974	20.564	85.506	76.134	196.32	1010.71
1	13.16	23.42	4.5	4.85	65.82	48.47	77.67	8.7	1006.54	-0.09	2.21	1.34	11.95	24.37	30.19	18.88	19.88	79.96	72.22	88.37	6.71	1006.84	33.67	5.3	3.37	13.85	17.9166666666667	9.19333333333333	77.2	63.37	10.22	1018.46333333333	22.91	15.1266666666667	71.2366666666667	58.92	0.39	1014.37333333333	25.345	16.745	59.055	47.705	0.67	1011.315	25.758	19.864	87.304	80.954	133.15	1007.882
1	12.95	21.48	5.9	8.16	71.05	61.91	78.89	7.09	1012.89	0	4.23	3	10.17	21.79	26.53	17.88	18.19	85.54	76.13	89.49	7.08	1010.99	85.6	6.57	4.38	11.2	20.58	12.4833333333333	73.28	61.61	4.9	1016.91	24.8833333333333	16.3533333333333	67.92	51.9566666666667	4.5	1012.79	24.515	14.76	58.03	44.16	1.13	1015.58	27.074	21.526	86.094	76.06	171.67	1009.342
0	9.99	18.18	3.17	4.51	70.67	56.14	85.23	6.57	1020.87	0	3.73	4.43	12.84	22.45	29.14	17.41	17.87	77.16	65.36	90.26	8.51	1009.21	21.76	4.75	3.36	9.61	23.61	16.1066666666667	76.2533333333333	67.49	1.54	1015.36	24.19	15.4933333333333	68.6766666666667	57.03	0.85	1014.23	24.225	15.565	47.985	45.64	2.67	1019.47	28.016	21.906	88.726	80.02	127.4	1010.79
0	14.38	20.04	9.53	9.92	69.47	71.85	81.89	5.56	1015.95	0.37	4.88	4.19	11.55	21.95	27.95	18.36	19.21	83.99	76.46	89.27	7.87	1007.73	137.54	6.08	4.3	8.88	23.23	15.2966666666667	77.8333333333333	66.2733333333333	0.41	1012.67333333333	24.05	15.53	69.2566666666667	57.32	0.58	1013.08333333333	29.91	18.57	41.645	38.06	-0.12	1009.97	26.964	21.906	86.112	79.628	285.65	1009.988
1	14.17	21.94	7.59	9.71	74.08	65.84	82.3	7.38	1012.84	0.05	4.45	3.36	9.83	22.54	27.32	18.79	19.23	84.4	76.23	90.25	7.02	1010.51	85.5	6.56	4.34	10.72	21.4733333333333	13.7466666666667	73.03	63.3633333333333	5.16	1016.47333333333	25.7166666666667	17.45	68.6933333333333	54.0233333333333	4.48	1012.16333333333	25.375	15.7	54.43	45.405	-0.44	1015.28	27.616	22.166	86.94	77.236	182.88	1008.992
0	11.23	19.82	6.54	5.04	64.21	53.27	74.6	8.35	1017.49	0	3.51	2.57	12.85	23.82	28.93	19.38	21.1	85.59	75.53	92.41	8.19	1005.43	134.2	6.82	4.61	7.62	19.7066666666667	11.17	74.44	60.3933333333333	8.68	1018.27333333333	25.1966666666667	15.9333333333333	53.0966666666667	44.0566666666667	0	1013.59333333333	22.455	15.05	59.77	49.35	-0.15	1014.055	26.74	21.732	86.744	80.208	205.94	1011.248
0	10.77	19.18	4.56	5.28	68.98	52.88	78.91	7.43	1018.12	0.14	2.76	2.13	10.68	22.84	27.92	19.13	19.26	82.97	74.16	93.51	7.35	1011.53	143.37	6.68	4.47	9.54	19.8966666666667	11.0366666666667	67.0966666666667	56.4733333333333	1.44	1015.55666666667	19.4033333333333	11.9833333333333	66.05	51.76	0.24	1017.17333333333	26.585	19.21	59.415	52.91	1.67	1010.44	27.032	21.424	91.314	81.86	338.58	1010.596
0	14.38	20.04	9.53	9.92	69.47	71.85	81.89	5.56	1015.95	0.37	4.88	4.19	11.55	21.95	27.95	18.36	19.21	83.99	76.46	89.27	7.87	1007.73	137.54	6.08	4.3	8.88	23.23	15.2966666666667	77.8333333333333	66.2733333333333	0.41	1012.67333333333	24.05	15.53	69.2566666666667	57.32	0.58	1013.08333333333	29.91	18.57	41.645	38.06	-0.12	1009.97	26.964	21.906	86.112	79.628	285.65	1009.988
0	14.61	19.56	9.16	9.03	71.62	53.95	85.91	7.84	1017.98	68.18	5.69	4.69	5.43	26.42	31.87	22.11	21.06	76.08	67.65	85.07	9.86	1009.69	54.97	5.08	3.95	10.68	21.4966666666667	13.7866666666667	82.7066666666667	67.99	8.4	1015.19666666667	23.9066666666667	17.17	85.4133333333333	68.1833333333333	40.89	1011.75	27.26	20.14	60.35	55.265	0	1012.39	29.376	24.118	87.242	78.764	203.97	1010.43
1	22.39	27.62	17.32	19.78	84.64	79.09	89.81	5.22	1012.29	4.12	3.9	3.91	2.78	23.65	28.36	19.09	18.29	74.4	65.32	88.59	7.32	1013.6	37.12	4.72	3.6	12.74	22.43	16.08	77.9266666666667	67.9566666666667	0.39	1016.92666666667	23.9	17.2566666666667	74.6566666666667	61.0233333333333	-0.46	1017.94333333333	34.35	24.425	50.995	46.78	0.53	1008.955	29.97	24.966	86.982	77.502	147.33	1009.716
1	9.99	18.18	3.17	4.51	70.67	56.14	85.23	6.57	1020.87	0	3.73	4.43	12.84	24.19	29.71	19.6	19.34	77.44	63.97	88.81	8.57	1006.96	37.12	5.4	4.68	10.15	23.61	16.1066666666667	76.2533333333333	67.49	1.54	1015.36	24.19	15.4933333333333	68.6766666666667	57.03	0.85	1014.23	24.225	15.565	47.985	45.64	2.67	1019.47	29.046	23.124	88.444	76.38	159.32	1009.742
0	11.65	20.29	7.03	5.37	63.73	55.07	74.07	8.84	1017.5	0	3.37	2.73	13.82	24.99	30.58	20.06	20.89	78.33	64.24	88.79	9.83	1005.25	138.53	5.47	4.07	10.5	19.99	11.9266666666667	72.8333333333333	59.9433333333333	8.71	1018.27333333333	25.5166666666667	16.64	53.9866666666667	43.2033333333333	0	1013.61666666667	23.14	14.98	61.115	49.14	-0.28	1014.465	29.276	23.786	86.752	79.638	259.76	1007.978
0	11.65	20.29	7.03	5.37	63.73	55.07	74.07	8.84	1017.5	0	3.37	2.73	13.82	24.99	30.58	20.06	20.89	78.33	64.24	88.79	9.83	1005.25	138.53	5.47	4.07	10.5	19.99	11.9266666666667	72.8333333333333	59.9433333333333	8.71	1018.27333333333	25.5166666666667	16.64	53.9866666666667	43.2033333333333	0	1013.61666666667	23.14	14.98	61.115	49.14	-0.28	1014.465	29.276	23.786	86.752	79.638	259.76	1007.978
0	16.83	21.41	12.18	12.97	75.95	71.44	87.32	8.22	1015.76	0.46	5.56	4.83	11.05	23.42	29.26	19.95	21.09	84.86	76.31	92.08	9.1	1007.43	149.06	6.08	4.39	8.23	23.5633333333333	17.1866666666667	82.4366666666667	71.2533333333333	0.51	1012.34666666667	25.0666666666667	17.29	72.36	61.5633333333333	1.07	1012.56333333333	31.475	19.78	42.53	41.46	-0.23	1009.65	28.478	23.504	88.024	81.85	298.77	1009.588
1	16.47	22.61	10.42	13.69	81.09	74.68	90.11	7.99	1012.81	0.35	5	4.14	9.31	24.34	29.14	20.72	21.06	84.9	76.56	92.44	8.14	1010.16	79.14	6.56	4.27	9.92	22.7	15.7633333333333	74.7666666666667	67.8366666666667	8.16	1016.19333333333	26.9333333333333	19.27	73.1	58.7266666666667	9.28	1011.69666666667	27.06	17.14	50.42	47.5	-0.66	1014.95	28.944	23.728	88.212	79.582	189.49	1008.818
0	10.59	18.76	3.31	5.52	74.2	58.52	86.01	6.65	1020.36	0	3.44	4.25	13.13	24.62	30.41	20.13	20.41	77.83	60.26	87.34	9.67	1006.92	35.37	5.28	4.7	9.83	24.4633333333333	17.65	78.0933333333333	67.3533333333333	5.11	1014.62666666667	24.97	17.0566666666667	67.7266666666667	55.87	1.13	1013.91	24.855	15.48	50.005	47.965	4.04	1018.98	30.33	24.05	86.266	73.528	152.2	1009.578
0	11.98	19.26	6.15	7.51	68.88	51.91	82.25	7.36	1017.74	0.16	2.68	2.35	10.35	24.13	29.42	20.5	20.88	83.62	72.99	95.16	7.97	1011.38	129.77	6.85	4.54	10.13	20.2933333333333	12.12	69.9666666666667	58.5266666666667	3.67	1015.33333333333	20.2	13.65	70.41	52.4066666666667	0.38	1016.91666666667	27.035	19.865	60.275	53.115	3.78	1010.265	28.292	22.592	91.708	82.652	281.37	1010.418
1	17.09	22.71	10.2	14.54	81.04	72.16	95.01	8.54	1013.99	1.08	4.45	4.26	9.06	25.58	32.25	20.03	17.3	69.11	57.24	86.82	10.17	1009.49	35.9	4.08	2.96	8.48	22.7	16.5466666666667	87.4433333333333	69.9633333333333	0.75	1016.33666666667	26.6	19.4666666666667	73.4333333333333	57.92	2.46	1011.51	26.685	20.67	66.675	53.975	-1.99	1014.985	28.954	23.752	88.322	76.398	204.23	1010.408
0	10.91	20.8	3.68	4.44	64.23	51.48	74.01	12.08	1017.92	0.06	2.29	1.99	9.45	26.25	32.36	21.13	21.49	75.02	66.69	86.24	10.96	1004.69	65.59	5.57	4.16	13.2	19.16	12.5133333333333	83.9566666666667	69.5433333333333	1	1015.35333333333	25.49	17.2433333333333	71.4966666666667	59.8566666666667	1.83	1014.53333333333	22.955	16.655	73.07	65.205	7.86	1015.31	29.812	24.274	87.818	77.626	251.12	1010.008
1	13.4	20.09	10.07	9.66	70.58	61.74	80.51	7.58	1014.96	0.07	5.26	3.94	8.78	25.34	28.91	21.53	22.45	82.59	69.99	90.79	8.19	1008.91	70.53	6.38	4.38	7.7	21.2366666666667	13.9366666666667	75.78	63.5133333333333	5.74	1015.63	24.2433333333333	16.7	61.11	53.01	0.14	1015.97666666667	28.16	20.045	62.92	50.26	12.43	1013.22	28.646	24.094	90.27	80.488	155.18	1009.742
1	16.53	23.26	9.68	11.85	76.58	60.21	86.38	4.22	1006.34	-0.44	3.13	2.93	9.67	27.27	33.15	23.08	22.96	76.46	68.71	86.7	6.12	1006.71	38.99	4.41	2.71	10.95	20.4033333333333	13.1366666666667	78.7533333333333	69.7966666666667	5.16	1017.73	25.36	18.6466666666667	71.4533333333333	64.0033333333333	-1.48	1013.02	27.3	18.8	67.195	59.4	2.17	1011.41	28.05	23.73	86.02	78.254	138.81	1007.758
1	10.59	18.76	3.31	5.52	74.2	58.52	86.01	6.65	1020.36	0	3.44	4.25	13.13	24.62	30.41	20.13	20.41	77.83	60.26	87.34	9.67	1006.92	35.37	5.28	4.7	9.83	24.4633333333333	17.65	78.0933333333333	67.3533333333333	5.11	1014.62666666667	24.97	17.0566666666667	67.7266666666667	55.87	1.13	1013.91	24.855	15.48	50.005	47.965	4.04	1018.98	30.33	24.05	86.266	73.528	152.2	1009.578
0	9.74	16.22	3.73	4.73	74.3	60.39	92.49	12.61	1019.99	0.14	2.94	3.77	9.21	24.32	31.08	17.95	18.07	72.31	62.26	83.43	16.83	1009.86	148.5	4.27	3.18	13.8	18.2366666666667	10.52	86.17	60.6733333333333	-0.59	1018.81666666667	21.7966666666667	13.3666666666667	78.0233333333333	53.65	0.53	1016.44666666667	23.255	15.935	81.49	58.85	37.77	1013.56	28.512	22.37	88.224	75.304	360.32	1011.35
0	13.4	20.09	10.07	9.66	70.58	61.74	80.51	7.58	1014.96	0.07	5.26	3.94	8.78	25.34	28.91	21.53	22.45	82.59	69.99	90.79	8.19	1008.91	70.53	6.38	4.38	7.7	21.2366666666667	13.9366666666667	75.78	63.5133333333333	5.74	1015.63	24.2433333333333	16.7	61.11	53.01	0.14	1015.97666666667	28.16	20.045	62.92	50.26	12.43	1013.22	28.646	24.094	90.27	80.488	155.18	1009.742
0	12.46	23.15	6.16	6.54	64.14	49.48	70.71	9.09	1017.51	0.11	1.37	2.2	13.63	23.5	28.68	19.67	20.38	78.69	67.47	90.59	7.35	1011.45	166.21	5.39	5.22	8.59	22.8766666666667	16.3466666666667	78.4633333333333	69.0833333333333	1.16	1013.12666666667	27.7633333333333	20.0266666666667	69.05	59.69	103.91	1012.64	25.225	19.18	72.665	62.505	2.7	1014.34	30.806	25.806	88.384	80.222	256.22	1006.896
1	17.91	21.08	15.01	15.3	85.46	78.96	94.48	3.99	1011.99	2.24	7.18	6.69	8.3	25.8	32.16	20.09	20.34	71.09	54.87	87.04	5.54	1008.55	76.13	5.05	3.62	9.7	22.1966666666667	15.8533333333333	80.6366666666667	67.0766666666667	5.67	1014.8	24.4233333333333	17.3966666666667	75.8333333333333	62.29	0.36	1015.26333333333	33.705	25.535	61.025	49.25	0.03	1006.305	31.004	25.214	88.422	76.46	235.89	1008.522
1	17.06	23.14	10.91	12.77	79.49	74.86	88.74	8.32	1012.81	0.5	4.9	4.22	8.48	26	32.73	20.25	20.34	69.79	63.38	79.17	8.67	1005.64	9.3	3.51	2.54	11.16	23.3933333333333	15.7766666666667	72.4066666666667	65.75	6.71	1016.14	27.6166666666667	19.1166666666667	70.0933333333333	57.83	8.99	1011.49	27.35	17.3	45.745	46.44	0.04	1014.805	29.672	24.186	88.464	78.632	263.89	1007.602
0	16.32	24.51	9.47	10.46	68.14	60.7	74.35	10.22	1014.29	-0.82	3.87	2.76	8.42	24.85	31.18	18.9	16.45	62.86	54.86	82.09	10.34	1011.97	23.03	4.18	3.59	9.98	22.0333333333333	15.0233333333333	87.62	64.3366666666667	4.63	1017.51	25.3666666666667	17.7733333333333	74.2166666666667	55.7233333333333	5.62	1013.59666666667	26.29	19.24	67.125	52.71	-0.22	1014.87	32.692	24.732	70.402	58.504	71.21	1010.522
1	14.36	20.6	9.77	10.89	80.84	63.57	93.88	8.41	1016.7	16.17	4.7	4.35	4.52	23.79	28.81	19.77	19.7	80.11	67.94	94.77	9.04	1010.37	79.71	5.48	4.42	5.9	22.3166666666667	15.5433333333333	85.6933333333333	70.1233333333333	1.11	1016.05333333333	27.63	19.6566666666667	66.0666666666667	53.47	0.02	1013.28333333333	30.19	22.985	63.4	54.49	9.7	1008.705	29.018	24.35	88.72	80.528	145.56	1010.486
0	7.97	14.16	2.18	5.03	82.8	65.73	94.14	8.62	1021.06	42.19	5.32	3.62	5.49	25.18	32.63	17.35	15.89	59.74	49.76	74.33	10.4	1013.3	7.06	2.19	1.89	13.21	15.7466666666667	9.02	90.11	75.3166666666667	0.8	1018.86333333333	22.3666666666667	13.5733333333333	73.79	57.9466666666667	1.21	1016.95	21.485	13.435	64.205	52.015	0.36	1022.265	30.57	23.726	81.234	69.994	142.46	1010.128
0	7.97	14.16	2.18	5.03	82.8	65.73	94.14	8.62	1021.06	42.19	5.32	3.62	5.49	25.18	32.63	17.35	15.89	59.74	49.76	74.33	10.4	1013.3	7.06	2.19	1.89	13.21	15.7466666666667	9.02	90.11	75.3166666666667	0.8	1018.86333333333	22.3666666666667	13.5733333333333	73.79	57.9466666666667	1.21	1016.95	21.485	13.435	64.205	52.015	0.36	1022.265	30.57	23.726	81.234	69.994	142.46	1010.128
0	18.83	22.72	14.33	15.26	79.34	65.57	89.06	7.09	1015.8	0.49	6.11	5.21	9.04	27.1	32.94	21.17	22.95	78.12	69.45	80.83	6.09	1006.08	31.58	3.56	2.74	11.04	24.5833333333333	18.5533333333333	83.1433333333333	73.5333333333333	0.55	1012.36	25.9033333333333	18.5133333333333	74.3766666666667	63.3166666666667	1.44	1012.64333333333	31.67	21.02	43.895	43.445	-0.29	1009.545	29.012	24.442	90.294	84.064	164.21	1008.7
0	16.44	24.51	9.6	10.76	69.49	61.93	74.77	10.22	1014.23	1.15	3.9	2.86	8.38	24.91	31.17	19.03	16.5	63.45	55.02	82.87	9.95	1011.92	24.21	4.39	3.64	9.79	21.8533333333333	15.1466666666667	87.71	65.5966666666667	4.63	1017.50666666667	25.2033333333333	17.73	74.5466666666667	56.26	5.53	1013.61666666667	25.86	18.935	68.02	52.985	0.05	1015.875	32.462	24.718	71.844	59.826	76.07	1010.582
1	22.39	27.62	17.32	19.78	84.64	79.09	89.81	5.22	1012.29	4.12	3.9	3.91	2.78	23.65	28.36	19.09	18.29	74.4	65.32	88.59	7.32	1013.6	37.12	4.72	3.6	12.74	22.43	16.08	77.9266666666667	67.9566666666667	0.39	1016.92666666667	23.9	17.2566666666667	74.6566666666667	61.0233333333333	-0.46	1017.94333333333	34.35	24.425	50.995	46.78	0.53	1008.955	29.97	24.966	86.982	77.502	147.33	1009.716
1	14.11	19.4	8.37	9.14	70.42	52.06	85.71	7.16	1018.46	0.19	3.06	2.71	6.19	23.85	30.34	18.08	18.26	74.74	62.97	88.58	8.69	1010.2	51.47	3.79	3.08	12.24	21.0333333333333	13.25	78.69	64.5366666666667	3.82	1015.31666666667	21.42	15.0866666666667	74.23	54.4166666666667	0.34	1016.54	27.585	20.38	62.05	55.47	4.1	1010.305	28.064	23.3	91.462	81.298	209.27	1010.698
0	12.42	23.39	6	6.25	63.9	49.82	70.39	8.55	1017.54	0.09	1.43	2.17	12.5	23.52	28.67	19.71	20.38	80.1	68.01	90.67	6.69	1011.45	190.44	5.63	5.12	7.16	23.26	16.52	78.03	68.59	1.02	1013.24666666667	28.23	20.3266666666667	68.3833333333333	58.6966666666667	126.64	1012.85666666667	25.355	19.19	71.725	61.88	2.84	1014.095	31.002	25.802	88.754	80.532	274.77	1006.864
0	22.39	27.62	17.32	19.78	84.64	79.09	89.81	5.22	1012.29	4.12	3.9	3.91	2.78	23.65	28.36	19.09	18.29	74.4	65.32	88.59	7.32	1013.6	37.12	4.72	3.6	12.74	22.43	16.08	77.9266666666667	67.9566666666667	0.39	1016.92666666667	23.9	17.2566666666667	74.6566666666667	61.0233333333333	-0.46	1017.94333333333	34.35	24.425	50.995	46.78	0.53	1008.955	29.97	24.966	86.982	77.502	147.33	1009.716
1	11.27	19.12	3.39	6.41	75.1	57.82	85.09	6.07	1019.62	0	3.33	4.9	12.74	24.35	29.97	21.6	18.71	69.27	60.52	87	8.94	1010.58	15.78	5.02	3.72	11.36	25.26	18.8933333333333	78.16	66.6566666666667	5.37	1013.64	25.5666666666667	18.1666666666667	70.3133333333333	55.55	1.13	1013.37666666667	25.39	16.26	48.715	48.555	4.72	1017.79	30.128	23.828	86.712	76.29	122.83	1011.328
1	11.27	19.12	3.39	6.41	75.1	57.82	85.09	6.07	1019.62	0	3.33	4.9	12.74	24.35	29.97	21.6	18.71	69.27	60.52	87	8.94	1010.58	15.78	5.02	3.72	11.36	25.26	18.8933333333333	78.16	66.6566666666667	5.37	1013.64	25.5666666666667	18.1666666666667	70.3133333333333	55.55	1.13	1013.37666666667	25.39	16.26	48.715	48.555	4.72	1017.79	30.128	23.828	86.712	76.29	122.83	1011.328
0	18.32	24.18	11.76	16.8	87.01	81.13	93.2	5.52	1013.64	0.19	4.77	3.94	7.53	28.37	34.57	22.8	20.18	69.39	60.97	84.35	6.6	1006.34	70.07	4.38	2.39	9.27	23.43	17.56	91.3633333333333	77.7366666666667	8.69	1015.91	28.56	20.32	76.3266666666667	64.89	2.47	1011.20333333333	32.705	21.59	70.315	56.57	3.8	1008.975	30.752	25.274	82.576	75.596	178.14	1009.676
1	13.84	21.03	8.45	10.5	80.87	73.27	91.91	7.28	1012.39	2.11	4.3	4.51	10.64	23.53	30.37	17.71	14.87	66.24	56.1	79.67	12.77	1008.1	23.78	4.92	3.92	12.61	21.0466666666667	13.0133333333333	75.16	61.4033333333333	8.16	1015.48333333333	22.0433333333333	14.5533333333333	72.85	60.4766666666667	0.99	1015.65	29.725	22.405	59.33	48.895	0.09	1008.515	29.612	23.578	82.37	72.068	191.6	1008.562
1	13.34	20.17	9.69	9.34	72.49	62.88	81.64	6.38	1014.75	0.1	5.37	4.01	8.92	23.99	28.36	20.38	21.34	81.97	69.3	93.44	6.69	1009.76	94.57	6.01	4.53	8.24	21.2	13.9366666666667	74.4533333333333	61.9	4.98	1015.5	24.0733333333333	16.57	60.1366666666667	52.1633333333333	0.11	1015.42333333333	28.215	20.115	60.005	47.335	11.72	1012.21	28.514	23.188	90.222	81.384	176.91	1010.362
0	12.91	18	8.46	12.39	89.73	79.26	100.55	6.16	1019.59	14.99	5.8	5.16	4.95	27.18	33.66	21.66	21.49	73.95	62.81	89.41	8.58	1007.72	67.46	4.72	3.15	5.65	20.9766666666667	15.0833333333333	93.73	83.45	9.05	1015.74666666667	27.9366666666667	19.5566666666667	80.7866666666667	62.8233333333333	4.95	1013.86666666667	24.78	18.16	66.42	53.535	0.79	1020.935	31.296	25.996	90.692	81.6	239.02	1009.058
0	18.36	24.15	11.98	17.17	89.45	82.64	94.97	6.54	1013.75	0.28	4.79	3.83	7.77	24.61	30.13	21.4	21.7	82.62	76.5	86.4	7.47	1010.03	26.89	6.41	4.55	6.81	22.9566666666667	17.4833333333333	92.6133333333333	79.8833333333333	13.52	1016.15666666667	28.1333333333333	20.4233333333333	77.6	66.3366666666667	3.59	1011.33	32.235	21.505	71.575	57.19	3.83	1007.62	30.052	24.13	85.124	79.22	120.81	1009.836
1	11.04	19.07	3.38	6.12	75.27	58.73	85.61	6.56	1019.9	0	3.31	4.51	13.07	28.37	34.35	21.3	19.82	70.95	66	81.02	8.56	1017.99	19.45	2.16	2.53	9.82	25.0133333333333	18.53	78.63	66.9333333333333	6.66	1013.90333333333	25.4233333333333	17.9833333333333	68.89	55.29	1.14	1013.58666666667	25.235	15.525	50.175	48.835	4.67	1018.43	31.392	25.312	84.176	73.756	119.23	1011.966
0	11.56	20.31	5.23	3.19	61.81	47.93	73.02	9.06	1017.47	0	3.1	2.44	14.5	23.65	29.21	18.95	21.15	85.62	74.55	92.64	8.45	1005.83	130.5	6.38	4.8	7.82	19.9833333333333	11.3266666666667	71.8233333333333	58.0333333333333	8.75	1018.26	25.4466666666667	16.31	55.0366666666667	44.8	0	1013.62333333333	23.865	15.64	61.125	51.53	-0.16	1015.335	27.136	22.046	86.652	80.08	219.95	1012.122
1	12.91	20.97	8.59	6.08	60.97	55.78	70.15	8.91	1017.52	0	3.37	4.4	14.24	26.15	30.3	22.51	23.42	84.11	76.92	93.21	7.98	1004.86	128.07	6.2	4.82	6.66	20.5966666666667	13.9266666666667	71.05	59.9966666666667	8.67	1018.28666666667	26.3266666666667	18.0366666666667	54.3166666666667	42.96	0	1013.65666666667	24.95	17.17	66.14	46.535	-0.17	1013.78	28.052	23.61	88.07	79.518	194.81	1010.338
0	14.13	21.33	8.65	9.31	75.2	67.25	81.49	6.83	1014.59	0	3.64	2.32	7.97	24.89	28.96	21.4	21.94	83.28	75.71	91.46	7.79	1009.39	70.14	6.04	4.73	5.97	23.3833333333333	15.2833333333333	77.2633333333333	65.2766666666667	2.8	1015.15333333333	24.76	15.9166666666667	57.66	43.7033333333333	1.3	1015.99	29.945	21.52	50.93	45.89	9.65	1010.76	29.024	24.15	92.894	83.568	145.7	1009.372
1	14.36	20.6	9.77	10.89	80.84	63.57	93.88	8.41	1016.7	16.17	4.7	4.35	4.52	23.79	28.81	19.77	19.7	80.11	67.94	94.77	9.04	1010.37	79.71	5.48	4.42	5.9	22.3166666666667	15.5433333333333	85.6933333333333	70.1233333333333	1.11	1016.05333333333	27.63	19.6566666666667	66.0666666666667	53.47	0.02	1013.28333333333	30.19	22.985	63.4	54.49	9.7	1008.705	29.018	24.35	88.72	80.528	145.56	1010.486
0	18.36	24.15	11.98	17.17	89.45	82.64	94.97	6.54	1013.75	0.28	4.79	3.83	7.77	26	32.13	21.29	18.43	70.89	63.3	81.58	9.82	1009.14	55.46	4.24	3.21	11.27	22.9566666666667	17.4833333333333	92.6133333333333	79.8833333333333	13.52	1016.15666666667	28.1333333333333	20.4233333333333	77.6	66.3366666666667	3.59	1011.33	32.235	21.505	71.575	57.19	3.83	1007.62	30.748	24.65	84.592	78.666	138.44	1008.618
0	13.35	19.36	7.39	8.92	70.46	52.84	85.44	7.39	1018.11	0.19	2.81	2.52	8.42	23.82	30.32	18	17.88	74.51	62.98	88.17	8.77	1010.33	51.95	3.66	3.08	12.97	20.8166666666667	12.88	75.4733333333333	62.9033333333333	4.05	1015.33666666667	20.9633333333333	14.75	74.3333333333333	54.4366666666667	0.43	1016.73666666667	27.57	20.38	61.67	54.73	4.81	1010.28	28.082	23.21	90.942	80.612	197.92	1010.858
0	14.11	19.4	8.37	9.14	70.42	52.06	85.71	7.16	1018.46	0.19	3.06	2.71	6.19	23.85	30.34	18.08	18.26	74.74	62.97	88.58	8.69	1010.2	51.47	3.79	3.08	12.24	21.0333333333333	13.25	78.69	64.5366666666667	3.82	1015.31666666667	21.42	15.0866666666667	74.23	54.4166666666667	0.34	1016.54	27.585	20.38	62.05	55.47	4.1	1010.305	28.064	23.3	91.462	81.298	209.27	1010.698
1	18.83	22.72	14.33	15.26	79.34	65.57	89.06	7.09	1015.8	0.49	6.11	5.21	9.04	27.1	32.94	21.17	22.95	78.12	69.45	80.83	6.09	1006.08	31.58	3.56	2.74	11.04	24.5833333333333	18.5533333333333	83.1433333333333	73.5333333333333	0.55	1012.36	25.9033333333333	18.5133333333333	74.3766666666667	63.3166666666667	1.44	1012.64333333333	31.67	21.02	43.895	43.445	-0.29	1009.545	29.012	24.442	90.294	84.064	164.21	1008.7
0	14.23	21.22	8.43	8.95	72.66	64.54	81.16	5.45	1014.39	0	3.54	2.33	9.96	24.52	28.92	20.78	21.1	81.85	74.54	89.26	6.88	1009.37	54.13	5.67	4.64	6.48	23.1333333333333	15.2866666666667	76.2466666666667	63.83	4.73	1014.92333333333	24.42	16.0366666666667	56.99	42.13	5.57	1015.75333333333	29.83	22.39	62.695	45.64	12.34	1010.41	28.99	23.98	92.348	82.016	122.13	1009.296
0	18.36	24.15	11.98	17.17	89.45	82.64	94.97	6.54	1013.75	0.28	4.79	3.83	7.77	25.4	30.49	21.52	21.01	78.56	64.03	90.49	8.04	1010.27	18	6.19	3.77	6.98	22.9566666666667	17.4833333333333	92.6133333333333	79.8833333333333	13.52	1016.15666666667	28.1333333333333	20.4233333333333	77.6	66.3366666666667	3.59	1011.33	32.235	21.505	71.575	57.19	3.83	1007.62	27.43	22.148	87.678	80.454	102.35	1012.224
1	13.35	19.36	7.39	8.92	70.46	52.84	85.44	7.39	1018.11	0.19	2.81	2.52	8.42	23.82	30.32	18	17.88	74.51	62.98	88.17	8.77	1010.33	51.95	3.66	3.08	12.97	20.8166666666667	12.88	75.4733333333333	62.9033333333333	4.05	1015.33666666667	20.9633333333333	14.75	74.3333333333333	54.4366666666667	0.43	1016.73666666667	27.57	20.38	61.67	54.73	4.81	1010.28	28.082	23.21	90.942	80.612	197.92	1010.858
1	11.04	19.07	3.38	6.12	75.27	58.73	85.61	6.56	1019.9	0	3.31	4.51	13.07	28.36	34.57	20.69	18.46	56.47	43.74	73.71	8.59	1008.2	13.91	2.64	2.89	11.58	25.0133333333333	18.53	78.63	66.9333333333333	6.66	1013.90333333333	25.4233333333333	17.9833333333333	68.89	55.29	1.14	1013.58666666667	25.235	15.525	50.175	48.835	4.67	1018.43	31.612	25.134	86.042	73.678	114.08	1008.552
1	18.18	23.32	12.82	15.88	84.44	80.52	93.95	8.56	1012.8	0.73	5.28	4.68	8.05	27.38	34.09	21.49	21.65	70.07	63.84	79.7	8.74	1006.19	9.06	3.35	2.43	10.76	23.82	16.6133333333333	75.6533333333333	69.3833333333333	6.68	1016.40333333333	28.2166666666667	20.0466666666667	73.3366666666667	60.9566666666667	9.17	1011.79333333333	28.145	18.115	47.8	47.74	0.28	1014.88	30.432	25.188	90.388	80.648	312.63	1007.886
1	13.34	20.17	9.69	9.34	72.49	62.88	81.64	6.38	1014.75	0.1	5.37	4.01	8.92	23.99	28.36	20.38	21.34	81.97	69.3	93.44	6.69	1009.76	94.57	6.01	4.53	8.24	21.2	13.9366666666667	74.4533333333333	61.9	4.98	1015.5	24.0733333333333	16.57	60.1366666666667	52.1633333333333	0.11	1015.42333333333	28.215	20.115	60.005	47.335	11.72	1012.21	28.514	23.188	90.222	81.384	176.91	1010.362
0	12.42	23.39	6	6.25	63.9	49.82	70.39	8.55	1017.54	0.09	1.43	2.17	12.5	23.52	28.67	19.71	20.38	80.1	68.01	90.67	6.69	1011.45	190.44	5.63	5.12	7.16	23.26	16.52	78.03	68.59	1.02	1013.24666666667	28.23	20.3266666666667	68.3833333333333	58.6966666666667	126.64	1012.85666666667	25.355	19.19	71.725	61.88	2.84	1014.095	31.002	25.802	88.754	80.532	274.77	1006.864
1	12.76	17.8	8.49	9.02	79.3	70.94	93.47	6.84	1020.09	7.3	5.75	5.43	4.01	21.22	27.4	16.1	16.52	77.72	70.41	87.48	10.24	1011.81	21.98	5.18	4.6	12.6	22.1233333333333	14.83	84.5466666666667	73.0266666666667	59.08	1016.26	27.8966666666667	19.8366666666667	68.29	58.9833333333333	6.58	1010.01333333333	26.245	18.625	56.38	52.38	-0.02	1018.155	28.252	23.48	90.278	82.428	163.12	1011.8
0	22.39	27.62	17.32	19.78	84.64	79.09	89.81	5.22	1012.29	4.12	3.9	3.91	2.78	23.65	28.36	19.09	18.29	74.4	65.32	88.59	7.32	1013.6	37.12	4.72	3.6	12.74	22.43	16.08	77.9266666666667	67.9566666666667	0.39	1016.92666666667	23.9	17.2566666666667	74.6566666666667	61.0233333333333	-0.46	1017.94333333333	34.35	24.425	50.995	46.78	0.53	1008.955	29.97	24.966	86.982	77.502	147.33	1009.716
1	18.83	22.72	14.33	15.26	79.34	65.57	89.06	7.09	1015.8	0.49	6.11	5.21	9.04	27.1	32.94	21.17	22.95	78.12	69.45	80.83	6.09	1006.08	31.58	3.56	2.74	11.04	24.5833333333333	18.5533333333333	83.1433333333333	73.5333333333333	0.55	1012.36	25.9033333333333	18.5133333333333	74.3766666666667	63.3166666666667	1.44	1012.64333333333	31.67	21.02	43.895	43.445	-0.29	1009.545	29.012	24.442	90.294	84.064	164.21	1008.7
0	17.4	23.43	10.47	14.54	81.14	75.35	89.17	5.49	1013.65	0.14	4.57	3.93	8.25	24.23	29.42	19.63	19.87	76.97	63.64	92.37	8.76	1010.17	46	4.87	3.76	7.86	23.39	16.9366666666667	87.53	72.5733333333333	3.88	1015.88333333333	28.06	19.5233333333333	73.29	60.4633333333333	1.22	1011.21	30.64	20.975	67.315	54.825	2.55	1010.82	29.27	23.812	89.142	80.246	124.98	1009.15
0	18.32	24.18	11.76	16.8	87.01	81.13	93.2	5.52	1013.64	0.19	4.77	3.94	7.53	25.13	30.39	20.61	19.57	76.71	63.59	92.02	9.12	1010.14	40.25	4.86	3.71	7.07	23.43	17.56	91.3633333333333	77.7366666666667	8.69	1015.91	28.56	20.32	76.3266666666667	64.89	2.47	1011.20333333333	32.705	21.59	70.315	56.57	3.8	1008.975	30.07	24.574	88.24	80.028	118.53	1009.074
1	11.27	19.12	3.39	6.41	75.1	57.82	85.09	6.07	1019.62	0	3.33	4.9	12.74	24.35	29.97	21.6	18.71	69.27	60.52	87	8.94	1010.58	15.78	5.02	3.72	11.36	25.26	18.8933333333333	78.16	66.6566666666667	5.37	1013.64	25.5666666666667	18.1666666666667	70.3133333333333	55.55	1.13	1013.37666666667	25.39	16.26	48.715	48.555	4.72	1017.79	30.128	23.828	86.712	76.29	122.83	1011.328
0	8.43	13.84	3.34	5.48	83.27	66.17	95.01	6.56	1021.08	40.91	5.4	3.85	5.25	25.26	32.66	17.77	16.11	60.3	50.57	71.66	8.57	1013.38	8.88	2.08	2.27	13.79	15.3066666666667	9.46333333333333	90.47	76.38	-0.4	1018.70333333333	22.03	13.6033333333333	74.13	58.8733333333333	1.27	1016.74333333333	21.25	13.165	64.74	52.19	0.31	1022.705	30.562	23.774	80.722	70.202	114.43	1010.224
0	16.44	24.51	9.6	10.76	69.49	61.93	74.77	10.22	1014.23	1.15	3.9	2.86	8.38	28.66	36.02	20.84	18.21	56.93	51.11	76.11	7.56	1007.07	30.81	2.13	2.43	10.8	21.8533333333333	15.1466666666667	87.71	65.5966666666667	4.63	1017.50666666667	25.2033333333333	17.73	74.5466666666667	56.26	5.53	1013.61666666667	25.86	18.935	68.02	52.985	0.05	1015.875	32.092	24.986	72.854	59.194	105.37	1010.766
0	16.44	24.51	9.6	10.76	69.49	61.93	74.77	10.22	1014.23	1.15	3.9	2.86	8.38	28.66	36.02	20.84	18.21	56.93	51.11	76.11	7.56	1007.07	30.81	2.13	2.43	10.8	21.8533333333333	15.1466666666667	87.71	65.5966666666667	4.63	1017.50666666667	25.2033333333333	17.73	74.5466666666667	56.26	5.53	1013.61666666667	25.86	18.935	68.02	52.985	0.05	1015.875	32.092	24.986	72.854	59.194	105.37	1010.766
0	8.43	13.84	3.34	5.48	83.27	66.17	95.01	6.56	1021.08	40.91	5.4	3.85	5.25	25.26	32.66	17.77	16.11	60.3	50.57	71.66	8.57	1013.38	8.88	2.08	2.27	13.79	15.3066666666667	9.46333333333333	90.47	76.38	-0.4	1018.70333333333	22.03	13.6033333333333	74.13	58.8733333333333	1.27	1016.74333333333	21.25	13.165	64.74	52.19	0.31	1022.705	30.562	23.774	80.722	70.202	114.43	1010.224
1	10.75	18.94	3.35	5.73	74.64	58.81	85.71	6.62	1020.21	0	3.32	4.2	13.22	28.04	34.25	20.5	18.17	57.38	45.32	74.59	8.65	1008.2	13.91	2.73	2.92	11.86	24.6833333333333	17.9466666666667	78.6633333333333	67.1066666666667	6.45	1014.11333333333	25.19	17.5766666666667	68.07	55.2266666666667	1.05	1013.83666666667	24.98	15.235	51.06	48.7	4.49	1018.675	31.404	24.806	85.63	73.604	116.25	1008.688
0	11.23	19.82	6.54	5.04	64.21	53.27	74.6	8.35	1017.49	0	3.51	2.57	12.85	24.52	30.21	19.49	20.42	78.05	63.96	88.89	9.05	1005.26	137.74	5.62	4.15	9.81	19.7066666666667	11.17	74.44	60.3933333333333	8.68	1018.27333333333	25.1966666666667	15.9333333333333	53.0966666666667	44.0566666666667	0	1013.59333333333	22.455	15.05	59.77	49.35	-0.15	1014.055	28.948	23.346	86.574	79.656	266.55	1007.822
0	13.62	21.9	6.95	8.89	74.67	59.26	87.6	8.68	1015.21	9.58	3.74	3.59	9.03	24.15	31.41	16.66	13.83	61.04	40.97	93.74	13.68	1009.84	8.57	3.41	2.27	12.02	19.21	11.5133333333333	85.8566666666667	65.0566666666667	-0.62	1019.28	22.6966666666667	12.9866666666667	81.6133333333333	57.5833333333333	5.33	1015.37666666667	26.8	17.4	68.035	54.665	-0.13	1012.185	31.82	24.282	83.31	65.384	125.58	1009.06
0	18.36	24.15	11.98	17.17	89.45	82.64	94.97	6.54	1013.75	0.28	4.79	3.83	7.77	25.55	31.12	21.48	19.15	74.71	62.95	82.07	8.57	1010.41	57.12	5.92	3.6	7.17	22.9566666666667	17.4833333333333	92.6133333333333	79.8833333333333	13.52	1016.15666666667	28.1333333333333	20.4233333333333	77.6	66.3366666666667	3.59	1011.33	32.235	21.505	71.575	57.19	3.83	1007.62	31.008	25.136	85.126	77.646	143.13	1009.49
0	18.36	24.15	11.98	17.17	89.45	82.64	94.97	6.54	1013.75	0.28	4.79	3.83	7.77	26	32.13	21.29	18.43	70.89	63.3	81.58	9.82	1009.14	55.46	4.24	3.21	11.27	22.9566666666667	17.4833333333333	92.6133333333333	79.8833333333333	13.52	1016.15666666667	28.1333333333333	20.4233333333333	77.6	66.3366666666667	3.59	1011.33	32.235	21.505	71.575	57.19	3.83	1007.62	30.748	24.65	84.592	78.666	138.44	1008.618
0	18.36	24.15	11.98	17.17	89.45	82.64	94.97	6.54	1013.75	0.28	4.79	3.83	7.77	25.55	31.12	21.48	19.15	74.71	62.95	82.07	8.57	1010.41	57.12	5.92	3.6	7.17	22.9566666666667	17.4833333333333	92.6133333333333	79.8833333333333	13.52	1016.15666666667	28.1333333333333	20.4233333333333	77.6	66.3366666666667	3.59	1011.33	32.235	21.505	71.575	57.19	3.83	1007.62	31.008	25.136	85.126	77.646	143.13	1009.49
0	18.32	24.18	11.76	16.8	87.01	81.13	93.2	5.52	1013.64	0.19	4.77	3.94	7.53	25.52	30.9	20.62	19.44	75.3	64.9	87	9.27	1009.37	39.42	4.52	3.46	8.78	23.43	17.56	91.3633333333333	77.7366666666667	8.69	1015.91	28.56	20.32	76.3266666666667	64.89	2.47	1011.20333333333	32.705	21.59	70.315	56.57	3.8	1008.975	29.102	24.446	88.598	81.91	130.7	1009.214
0	13.62	21.9	6.95	8.89	74.67	59.26	87.6	8.68	1015.21	9.58	3.74	3.59	9.03	24.15	31.41	16.66	13.83	61.04	40.97	93.74	13.68	1009.84	8.57	3.41	2.27	12.02	19.21	11.5133333333333	85.8566666666667	65.0566666666667	-0.62	1019.28	22.6966666666667	12.9866666666667	81.6133333333333	57.5833333333333	5.33	1015.37666666667	26.8	17.4	68.035	54.665	-0.13	1012.185	31.82	24.282	83.31	65.384	125.58	1009.06
1	18.08	22.36	13.89	13.35	75.78	61.01	85.01	5.61	1015.89	0.43	5.95	4.93	8.44	26.13	32.18	20.16	21.31	76.12	68.2	81.27	5.9	1005.99	17.88	3.25	2.74	11.37	24.5266666666667	17.79	78.8266666666667	70.19	0.44	1012.50666666667	25.38	17.77	72.7	60.6433333333333	1.39	1012.87333333333	30.61	20.455	43.975	41.8	-0.24	1009.64	28.63	23.756	88.64	82.1	134.81	1008.686
0	12.04	23.48	5.2	4.82	62.88	49.72	69.86	6.98	1017.45	0.06	1.63	2.01	9.86	23.39	28.39	19.37	19.84	83.19	69.88	92.01	5.77	1011.19	230.86	6.19	4.7	4.03	23.9266666666667	16.3633333333333	76.98	66.5133333333333	0.76	1013.36	28.8666666666667	20.5733333333333	67.09	56.7466666666667	175.63	1012.76	25.445	18.885	68.86	60.035	1.62	1013.12	31.188	25.402	89.8	80.726	293.45	1006.652
0	21.89	27.82	17	19.12	82.85	76.88	89.23	3.97	1012.12	4.73	3.28	3.89	3.77	22.98	28.56	18.28	18.19	78.22	67.79	90.05	5.98	1013.34	39.34	4.11	3.68	11.92	22.47	15.38	76.4233333333333	66.1466666666667	0.64	1017.61	23.6133333333333	16.4466666666667	73.4666666666667	59.6233333333333	-0.12	1018.53333333333	33.58	24.195	49.705	45.42	0.47	1008.845	29.972	24.688	87.874	79.832	161.78	1009.562
0	18.33	22.38	14.92	14.57	78.08	63.59	87.71	6.41	1016.12	0.52	6.38	5.14	8.69	26.76	32.81	20.88	21.85	76.59	70.31	86.73	6.16	1006.24	17.97	3.13	2.7	11.11	25.1466666666667	18.18	80.9766666666667	72.7466666666667	0.53	1012.77	25.4766666666667	17.8333333333333	75.4433333333333	62.6866666666667	1.67	1013.33666666667	30.65	20.515	44.36	43.02	-0.25	1009.885	29.202	24.108	90.692	82.804	141.51	1008.912
1	9.45	15.49	5.18	5.71	80.42	60.12	90.3	6.87	1020.54	11.32	5.61	5.46	5.75	19.17	26.09	12.07	13.45	73.84	67.85	79.68	8.08	1011.72	23.96	4.4	3.71	10.5	20.3333333333333	11.9866666666667	79.42	63.4866666666667	-9.03	1016.40666666667	25.3566666666667	16.5066666666667	65.69	54.0133333333333	2.17	1011.89	23.825	15.44	53.28	47.765	0.07	1015.36	26.046	20.41	85.462	79.396	102.96	1011.616
1	12.56	18.1	8.37	10.74	83.05	70.03	97.15	7.21	1019.59	12.85	5.64	5.43	5.22	22.54	28.33	18.43	18.78	78.11	68.92	94.28	9.48	1013.08	41.84	5.17	3.69	8.94	21.46	15.24	89.9766666666667	78.5466666666667	13.61	1015.74333333333	28.3933333333333	19.7	73.5166666666667	58.2966666666667	4.47	1013.70333333333	25.175	19.105	61.35	50.69	1.03	1021.095	26.394	21.392	93.688	84.22	245.06	1012.828
0	13.34	20.17	9.69	9.34	72.49	62.88	81.64	6.38	1014.75	0.1	5.37	4.01	8.92	23.99	28.36	20.38	21.34	81.97	69.3	93.44	6.69	1009.76	94.57	6.01	4.53	8.24	21.2	13.9366666666667	74.4533333333333	61.9	4.98	1015.5	24.0733333333333	16.57	60.1366666666667	52.1633333333333	0.11	1015.42333333333	28.215	20.115	60.005	47.335	11.72	1012.21	28.514	23.188	90.222	81.384	176.91	1010.362
0	14.23	21.22	8.43	8.95	72.66	64.54	81.16	5.45	1014.39	0	3.54	2.33	9.96	24.52	28.92	20.78	21.1	81.85	74.54	89.26	6.88	1009.37	54.13	5.67	4.64	6.48	23.1333333333333	15.2866666666667	76.2466666666667	63.83	4.73	1014.92333333333	24.42	16.0366666666667	56.99	42.13	5.57	1015.75333333333	29.83	22.39	62.695	45.64	12.34	1010.41	28.99	23.98	92.348	82.016	122.13	1009.296
0	15.51	21.34	11.03	14.06	86.79	76.94	100.47	6.28	1016.6	12.08	4.73	4.69	3.63	25.8	31.29	21.63	22.37	79.92	74.01	89.75	8.55	1009	88.48	5.64	4.06	9.61	23.6733333333333	16.56	91.0133333333333	77.1433333333333	1.08	1015.43333333333	28.4966666666667	20.5466666666667	70.2466666666667	59.5633333333333	0.13	1013.42	30.94	23.945	71.815	61.805	12.54	1008.53	30.452	25.56	92.132	84.45	616.48	1009.894
0	16.39	18.99	12.74	16.14	93.18	83.44	101.22	4.78	1017.14	10.41	6.93	5.3	4.96	27.56	34.12	22.63	19.37	68.11	54.71	86.36	11.01	1006.81	44.48	4.5	3.65	7.63	22.5866666666667	16.49	89.0966666666666	81.0166666666667	17.31	1014.49666666667	26.28	19.9166666666667	87.91	75.7033333333333	25.79	1010.65333333333	29.075	21.825	65.59	57.975	0.43	1010.85	32.214	26.498	90.22	78.478	248.63	1008.216
0	13.34	20.17	9.69	9.34	72.49	62.88	81.64	6.38	1014.75	0.1	5.37	4.01	8.92	23.99	28.36	20.38	21.34	81.97	69.3	93.44	6.69	1009.76	94.57	6.01	4.53	8.24	21.2	13.9366666666667	74.4533333333333	61.9	4.98	1015.5	24.0733333333333	16.57	60.1366666666667	52.1633333333333	0.11	1015.42333333333	28.215	20.115	60.005	47.335	11.72	1012.21	28.514	23.188	90.222	81.384	176.91	1010.362
1	13.99	21.22	7.97	8.77	72.9	64.52	81.05	6.37	1014.54	0	3.5	2.31	10.19	24.87	29.08	21.39	21.94	83.44	76.17	91.92	7.61	1009.45	64.23	5.97	4.77	5.86	23.0566666666667	15.0566666666667	76.6833333333333	64.09	3.8	1015.11666666667	24.4566666666667	15.8566666666667	57.66	42.9	3.05	1015.94666666667	29.55	21.855	55.565	45.265	10.81	1010.64	29.11	24.234	93.402	83.658	146.18	1009.404
0	12.56	18.1	8.37	10.74	83.05	70.03	97.15	7.21	1019.59	12.85	5.64	5.43	5.22	22.54	28.33	18.43	18.78	78.11	68.92	94.28	9.48	1013.08	41.84	5.17	3.69	8.94	21.46	15.24	89.9766666666667	78.5466666666667	13.61	1015.74333333333	28.3933333333333	19.7	73.5166666666667	58.2966666666667	4.47	1013.70333333333	25.175	19.105	61.35	50.69	1.03	1021.095	26.394	21.392	93.688	84.22	245.06	1012.828
1	17.27	21.19	14.72	15.16	84.39	79.74	93.75	2.97	1012.33	1.71	7.29	7.07	8.39	25.78	32.12	19.92	20.29	70.86	55.5	86.9	4.05	1008.45	78.95	5.07	3.65	9.88	22.27	15.5733333333333	80.71	66.17	1.34	1014.66666666667	24.5433333333333	17.21	74.7566666666667	61.3366666666667	0.16	1015.31666666667	33.41	25.51	60.655	48.705	0.02	1006.32	30.964	25.1	89.208	77.146	260.02	1008.532
1	17.86	22.08	12.95	15.97	83.27	80.52	92.36	5.81	1012.75	1.02	5.2	4.67	8.57	27.03	33.77	20.98	21.16	70.09	64.13	79.64	7.4	1007.15	9.08	3	2.49	10.84	23.41	16.1133333333333	75.7566666666667	68.5033333333333	3.68	1016.97666666667	27.78	19.5533333333333	72.7233333333333	59.98	6.78	1012.47333333333	27.86	17.89	48.815	46.41	0.23	1015.025	30.224	25.034	90.048	80.932	376.84	1008.384
1	15.61	18.99	11.96	13.66	88.66	79.64	97.89	4.04	1017.05	9.46	6.65	4.96	4.42	27.52	33.36	23.12	22.97	77.16	69.94	90.42	6.6	1004.96	57.4	5.17	3.88	9.65	21.95	15.63	85.0366666666667	76.47	22.03	1014.46666666667	25.9366666666667	19.2266666666667	83.36	71.0533333333333	23.71	1010.60666666667	28.51	21.04	64.945	56.2	0.12	1010.67	31.24	25.036	86.464	75.956	128.1	1009.4
1	17.27	21.19	14.72	15.16	84.39	79.74	93.75	2.97	1012.33	1.71	7.29	7.07	8.39	25.78	32.12	19.92	20.29	70.86	55.5	86.9	4.05	1008.45	78.95	5.07	3.65	9.88	22.27	15.5733333333333	80.71	66.17	1.34	1014.66666666667	24.5433333333333	17.21	74.7566666666667	61.3366666666667	0.16	1015.31666666667	33.41	25.51	60.655	48.705	0.02	1006.32	30.964	25.1	89.208	77.146	260.02	1008.532
0	17.96	23.45	11.31	16.28	84.72	77.83	94.56	7.07	1013.76	0.55	4.68	4.29	8.02	24.9	30.3	20.29	19.1	76.26	63.41	92.7	9.05	1010.28	44.52	4.83	3.74	7.37	23.4333333333333	17.3933333333333	90.1433333333333	74.4966666666667	2.57	1016.07333333333	27.9866666666667	20.14	75.1233333333333	61.46	1.93	1011.36333333333	28.935	21.31	68.065	55.25	1.05	1012.47	29.768	24.192	88.974	79.826	118.96	1009.278
0	14.22	22.1	7.58	10.01	76.47	61.25	87.62	8.15	1015.13	9.82	3.9	4.03	9.05	22.87	30.24	14.26	15.51	69.89	57.37	83.48	11.62	1013.14	13.89	3.67	2.58	12.54	19.15	11.95	88.3766666666667	68.1066666666667	0.17	1019.06666666667	22.48	13.3	82.3733333333333	60.2366666666667	5.72	1015.25666666667	26.43	17.69	69.37	56.34	0.02	1012.2	30.892	22.398	75.89	63.372	59.46	1011.446
0	14.22	22.1	7.58	10.01	76.47	61.25	87.62	8.15	1015.13	9.82	3.9	4.03	9.05	22.87	30.24	14.26	15.51	69.89	57.37	83.48	11.62	1013.14	13.89	3.67	2.58	12.54	19.15	11.95	88.3766666666667	68.1066666666667	0.17	1019.06666666667	22.48	13.3	82.3733333333333	60.2366666666667	5.72	1015.25666666667	26.43	17.69	69.37	56.34	0.02	1012.2	30.892	22.398	75.89	63.372	59.46	1011.446
0	11.39	19.09	3.37	6.59	73.31	55.25	83.41	5.14	1019.33	0	3.39	5.32	12.38	26.79	32.92	20.7	20.03	75.57	63.76	80.54	8.1	1012.04	17.55	2.86	2.6	9.93	25.4233333333333	18.87	76.9266666666667	65.98	2.7	1013.06666666667	25.6233333333333	18.04	72.6266666666667	55.9766666666667	1.02	1013.17666666667	25.41	17.49	47.12	47.725	4.79	1016.635	31.19	25.292	84.544	75.182	115.92	1009.976
0	13.34	20.71	8.28	5.28	58.22	49.97	67.79	7.68	1017.52	0	3.46	5.09	12.96	23.75	28.53	19.39	20.52	83.6	76.93	93.51	7.13	1007.86	74.73	6.25	4.65	6.91	20.61	13.9866666666667	71.91	59.13	8.51	1018.28666666667	26.3266666666667	17.82	53.6366666666667	44.6666666666667	0	1013.67666666667	26.58	19.12	66.57	45.105	0.09	1013.06	28.968	23.84	90.518	77.694	147.93	1009.364
1	14.36	20.6	9.77	10.89	80.84	63.57	93.88	8.41	1016.7	16.17	4.7	4.35	4.52	23.79	28.81	19.77	19.7	80.11	67.94	94.77	9.04	1010.37	79.71	5.48	4.42	5.9	22.3166666666667	15.5433333333333	85.6933333333333	70.1233333333333	1.11	1016.05333333333	27.63	19.6566666666667	66.0666666666667	53.47	0.02	1013.28333333333	30.19	22.985	63.4	54.49	9.7	1008.705	29.018	24.35	88.72	80.528	145.56	1010.486
1	18.33	22.38	14.92	14.57	78.08	63.59	87.71	6.41	1016.12	0.52	6.38	5.14	8.69	26.76	32.81	20.88	21.85	76.59	70.31	86.73	6.16	1006.24	17.97	3.13	2.7	11.11	25.1466666666667	18.18	80.9766666666667	72.7466666666667	0.53	1012.77	25.4766666666667	17.8333333333333	75.4433333333333	62.6866666666667	1.67	1013.33666666667	30.65	20.515	44.36	43.02	-0.25	1009.885	29.202	24.108	90.692	82.804	141.51	1008.912
1	13.11	20.13	9.15	8.45	71.94	61.21	83.04	5.07	1014.67	0.05	5.26	3.98	9.03	23.12	28.11	18.61	19.45	78.24	66.09	92.58	5.38	1008.98	118.01	4.69	3.99	8.54	21.0033333333333	13.7466666666667	72.85	59.9966666666667	4.23	1015.28333333333	23.8233333333333	16.17	59.26	51.06	0.05	1015.23666666667	28.04	19.905	58.16	45.045	9.72	1011.7	27.096	22.166	91.338	82.728	242.8	1009.758
0	12.56	18.1	8.37	10.74	83.05	70.03	97.15	7.21	1019.59	12.85	5.64	5.43	5.22	26.68	33.25	21.12	20.72	72.76	61.2	88.26	9.43	1007.89	64.09	4.65	3.08	6.45	21.46	15.24	89.9766666666667	78.5466666666667	13.61	1015.74333333333	28.3933333333333	19.7	73.5166666666667	58.2966666666667	4.47	1013.70333333333	25.175	19.105	61.35	50.69	1.03	1021.095	30.992	25.638	89.994	79.35	278.78	1009.056
0	17.96	23.45	11.31	16.28	84.72	77.83	94.56	7.07	1013.76	0.55	4.68	4.29	8.02	24.9	30.3	20.29	19.1	76.26	63.41	92.7	9.05	1010.28	44.52	4.83	3.74	7.37	23.4333333333333	17.3933333333333	90.1433333333333	74.4966666666667	2.57	1016.07333333333	27.9866666666667	20.14	75.1233333333333	61.46	1.93	1011.36333333333	28.935	21.31	68.065	55.25	1.05	1012.47	29.768	24.192	88.974	79.826	118.96	1009.278
0	17.96	23.45	11.31	16.28	84.72	77.83	94.56	7.07	1013.76	0.55	4.68	4.29	8.02	28.01	33.03	21.85	20.38	62.77	58.31	90.94	6.36	1007.52	83.07	4.43	2.77	9.99	23.4333333333333	17.3933333333333	90.1433333333333	74.4966666666667	2.57	1016.07333333333	27.9866666666667	20.14	75.1233333333333	61.46	1.93	1011.36333333333	28.935	21.31	68.065	55.25	1.05	1012.47	30.362	24.62	88.504	76.316	240.61	1009.29
0	11.86	23.33	4.7	4.04	62.32	49.36	69.63	6.36	1017.35	0.05	1.74	1.94	8.78	23.3	28.21	19.04	19.38	84.29	70.27	92.91	5.67	1010.97	243.34	6.45	4.47	3.1	24.0933333333333	16.1133333333333	76.72	65.3733333333333	0.65	1013.39666666667	29.0033333333333	20.5766666666667	66.8233333333333	55.9466666666667	196.98	1012.44666666667	25.4	18.61	67.465	59.105	0.59	1012.57	31.178	25.16	90.238	80.622	290.95	1006.506
1	11.38	19.05	3.35	6.67	72.21	53.76	82.44	4.63	1019.2	0	3.45	5.46	12.24	25.38	31.79	19.81	19.84	78.32	61.95	80.56	7.88	1006.43	16.92	3.23	2.65	10.07	25.5	18.6933333333333	76.0933333333333	65.6733333333333	1.11	1012.88666666667	25.6466666666667	17.7333333333333	73.7266666666667	56.3266666666667	1.12	1013.09	25.395	17.855	46.515	47.1	4.82	1016.08	30.914	25.004	84.668	75.954	114.92	1008.624
0	11.84	17.97	7.37	7.96	76.55	62.57	92.26	8.04	1019.67	11.63	5.33	5.23	5.76	21.85	27.74	17.51	17.6	76.19	66.67	92.65	11.17	1013.16	39.28	4.96	3.52	9.56	21.2233333333333	14.69	84.8866666666667	72.8333333333333	14.35	1015.81333333333	27.8533333333333	18.9366666666667	69.0133333333333	54.36	3.81	1013.71	24.73	18.75	58.93	49.575	2.02	1021.125	25.75	20.666	92.006	81.242	272.47	1012.656
0	14.22	22.1	7.58	10.01	76.47	61.25	87.62	8.15	1015.13	9.82	3.9	4.03	9.05	24.78	32.47	17.67	15.41	63.27	50.82	89.68	12.14	1010.87	35.49	4.17	2.76	10.87	19.15	11.95	88.3766666666667	68.1066666666667	0.17	1019.06666666667	22.48	13.3	82.3733333333333	60.2366666666667	5.72	1015.25666666667	26.43	17.69	69.37	56.34	0.02	1012.2	31.614	23.954	80.994	66.1	151.24	1011.228
0	14.47	22.46	7.64	9.93	74.37	59.58	86.34	6.68	1015.26	6.34	3.94	4.24	10.26	23.92	31.87	15.16	16.45	66.65	53.8	75.19	8.39	1012.05	13.39	3.26	2.22	12.05	19.53	12.3033333333333	88.7433333333333	66.8133333333333	1.84	1019.22	22.85	13.4466666666667	81.7233333333333	59.54	6.07	1015.46333333333	27.16	17.885	67.43	55.685	-0.09	1012.295	30.97	22.4	72.176	65.404	42.57	1011.464
1	13.11	20.13	9.15	8.45	71.94	61.21	83.04	5.07	1014.67	0.05	5.26	3.98	9.03	22.98	27.54	19.09	20.07	80.99	68.31	92.58	6.1	1009.64	102.18	5.9	4.56	8.54	21.0033333333333	13.7466666666667	72.85	59.9966666666667	4.23	1015.28333333333	23.8233333333333	16.17	59.26	51.06	0.05	1015.23666666667	28.04	19.905	58.16	45.045	9.72	1011.7	27.632	22.222	89.316	80.834	176.51	1009.856
0	16.97	22.61	9.97	13.94	79.13	71.71	91.43	7.64	1013.85	0.56	4.45	4.2	8.94	24	29.35	19.24	18.6	76.33	63.37	92.76	8.87	1010.37	47.77	4.83	3.77	8.2	23.01	16.6233333333333	86.5	69.52	0.27	1016.15666666667	27.0533333333333	19.3366666666667	72.2866666666667	57.1533333333333	1.12	1011.42666666667	26.7	20.61	65.52	53.595	-0.87	1014.13	28.946	23.35	88.938	79.18	121.98	1009.39
0	11.84	17.97	7.37	7.96	76.55	62.57	92.26	8.04	1019.67	11.63	5.33	5.23	5.76	21.85	27.74	17.51	17.6	76.19	66.67	92.65	11.17	1013.16	39.28	4.96	3.52	9.56	21.2233333333333	14.69	84.8866666666667	72.8333333333333	14.35	1015.81333333333	27.8533333333333	18.9366666666667	69.0133333333333	54.36	3.81	1013.71	24.73	18.75	58.93	49.575	2.02	1021.125	25.75	20.666	92.006	81.242	272.47	1012.656
1	17.09	22.71	10.2	14.54	81.04	72.16	95.01	8.54	1013.99	1.08	4.45	4.26	9.06	25.58	32.25	20.03	17.3	69.11	57.24	86.82	10.17	1009.49	35.9	4.08	2.96	8.48	22.7	16.5466666666667	87.4433333333333	69.9633333333333	0.75	1016.33666666667	26.6	19.4666666666667	73.4333333333333	57.92	2.46	1011.51	26.685	20.67	66.675	53.975	-1.99	1014.985	28.954	23.752	88.322	76.398	204.23	1010.408
0	14.8	22.37	8.2	11.03	77.82	63.22	87.46	8.3	1015.03	10.22	4.03	4.27	8.99	22.95	30.69	14.6	15.91	67.88	54.81	84.04	10.62	1013.87	39.75	3.7	2.81	11.87	19.1866666666667	12.51	90.45	70.7333333333333	2.34	1018.75333333333	22.2733333333333	13.75	83.0966666666667	62.6166666666667	6.76	1015.03333333333	26.105	18.105	70.57	57.8	0.39	1012.13	30.842	22.604	76.174	65.08	79.52	1011.936
